0 13
333 16
746 74
1138 138
1688 6
2055 10
2360 166
2788 14
3097 176
3597 45
4035 1
3997 145
4382 132
4919 142
5472 83
5908 40
6343 101
6697 117
7056 176
6946 157
0 40
307 186
846 153
1328 111
1845 7
2089 177
2598 118
3119 177
3005 54
3302 126
3818 161
4218 167
4728 133
4743 121
4663 18
5000 190
5613 103
6084 47
6458 41
6146 132
0 144
453 189
959 182
1495 174
1928 131
2426 184
2870 19
2700 11
3100 12
3458 43
3834 24
4140 27
4245 91
4758 19
4751 5
4615 21
4947 146
5476 55
5918 151
5861 92
0 31
418 175
957 52
1436 6
1731 115
2271 149
2841 194
3394 103
3771 31
3784 46
4078 99
4151 167
4615 94
5111 137
5541 91
5871 95
6347 137
6241 133
6756 71
7139 15
0 77
435 109
822 4
1112 43
1501 80
1889 78
2387 38
2686 157
3195 16
3477 81
3944 93
4391 27
4715 149
5249 104
5767 106
6174 107
6599 131
7157 100
7511 158
7521 189
0 37
281 157
692 122
1144 171
1557 39
1559 168
2014 44
2315 77
2705 12
2742 72
3223 176
3669 189
4243 40
4253 138
4332 192
4869 119
5267 47
5250 101
5656 118
6070 141
0 23
359 137
797 142
1263 168
1679 193
2217 131
2734 65
3056 41
3442 105
3860 127
4339 174
4815 16
4931 125
4991 104
4577 16
4926 176
5435 149
5865 107
6345 50
6794 89
0 105
398 35
746 161
1273 83
1727 25
2005 194
2468 21
2472 141
3023 132
3514 106
3917 91
4260 59
4705 121
5068 101
5478 92
5832 150
6401 40
6714 57
6627 136
6998 40
0 161
576 192
1126 99
1609 193
2226 159
2747 153
3208 99
3217 186
3317 66
3779 140
4315 171
4897 169
5331 157
5894 41
6272 66
6317 34
6751 172
6810 13
7085 77
7446 108
0 31
283 55
654 180
1147 162
1628 4
1906 136
2388 121
2766 89
3178 21
3537 43
3946 155
4435 148
4833 123
5300 1
5658 132
5635 70
5985 163
6393 137
6863 146
7279 53
0 188
547 20
965 125
1328 103
1672 139
2081 130
2529 87
2957 75
3411 137
3967 67
3948 46
4308 192
4785 28
5226 43
5250 85
5681 45
6119 74
6461 194
6895 111
7392 102
0 40
289 179
751 10
1115 169
1673 39
2109 169
2022 84
2427 129
2844 90
3323 192
3923 9
4234 6
4586 17
4248 48
4586 135
5072 90
5486 91
5994 110
6014 124
6497 181
0 157
443 73
933 171
1499 21
1364 44
1645 146
2055 94
2571 110
3040 142
3489 39
3829 13
4090 187
4602 189
5119 191
5237 141
5676 111
6021 174
6532 96
6599 33
7016 61
0 150
562 75
874 96
1297 183
1847 60
2259 87
2764 81
3220 86
3649 97
4034 58
4337 129
4836 84
4897 166
5468 149
5913 164
5994 163
6579 29
6952 80
7018 167
7506 181
0 32
267 155
674 175
1088 110
1620 72
2106 130
2660 36
2977 171
3418 102
3917 62
4252 142
4754 77
5251 181
5751 149
5790 60
5650 22
5951 101
6379 165
6270 151
6800 67
0 177
459 52
875 98
1279 164
1391 134
1759 61
2210 93
2539 183
3022 157
3459 13
3811 125
4344 128
4898 152
5313 123
5844 113
6252 141
6217 105
6573 64
6972 51
7274 139
0 45
421 179
839 152
1237 7
1310 49
1180 38
1507 135
1881 90
2396 73
2852 134
3391 85
3882 57
3439 167
4014 146
4435 40
4845 185
5428 128
5899 124
5933 150
6499 87
0 47
458 66
814 26
1198 4
1628 35
2053 81
2445 131
2951 170
3500 4
3669 129
4216 131
3797 9
4136 58
4153 99
4601 189
5076 66
4990 144
5403 62
5792 103
6277 131
0 118
362 150
870 119
873 164
1331 56
1773 87
2175 21
2509 43
2886 72
2902 129
2882 156
3289 117
3787 83
3742 193
4300 152
4830 174
5420 139
5792 187
6307 126
5837 104
0 182
506 78
883 139
1421 156
1924 73
2323 115
2335 162
2864 35
3219 5
3476 29
3784 6
4041 61
4383 194
4504 105
5002 6
5144 117
5156 134
5256 82
5192 147
5730 190
0 130
435 26
884 165
1436 4
1741 169
2286 92
2771 194
3268 152
3696 34
4074 60
4042 192
4561 167
5071 113
5582 81
6043 26
6044 55
6488 78
6454 5
6887 84
6937 36
0 128
502 95
940 62
1386 180
1841 139
2338 31
2778 73
3275 30
3542 19
3957 33
4377 161
4928 87
5435 122
5870 183
5963 115
6355 99
6815 9
7174 138
7626 11
7935 56
0 186
428 80
806 51
1162 31
1470 31
1588 72
2033 22
2304 29
2756 81
3253 191
3092 122
3641 10
3670 110
4088 176
4537 146
4915 176
4900 99
5281 21
5544 103
5916 85
0 142
439 156
935 195
1497 136
1928 52
2245 94
2742 4
3087 36
3409 55
3428 146
3824 141
4356 61
4670 49
4967 19
5274 122
5752 12
6074 127
6521 185
6986 94
6617 75
0 195
475 4
898 195
887 2
1161 45
1579 101
1937 18
2221 66
2641 57
3019 53
3313 126
3726 85
4080 102
4420 181
4919 57
4902 151
5447 144
5952 8
6298 186
6813 83
0 11
384 42
702 36
1030 55
1479 78
1886 21
2199 176
2781 195
3296 81
3308 6
3676 15
3496 190
4068 170
4556 179
4967 173
5413 79
5764 123
6233 56
6167 106
6509 188
0 93
357 125
789 21
1185 102
1526 89
1960 77
2414 99
2807 11
3182 183
3641 106
4152 32
4256 142
4257 98
4711 2
5035 42
5461 66
5940 45
6364 182
6846 11
6975 134
0 37
320 174
872 99
1219 194
1784 108
2315 31
2748 171
3253 44
3103 162
3660 163
3560 175
3996 156
4497 43
4371 108
4335 168
4864 92
5381 155
5910 1
5789 37
5948 36
0 40
338 38
689 106
1083 74
1504 43
1877 172
2438 88
2828 14
3109 154
3551 146
4092 115
4115 127
4136 35
4119 5
3970 195
4515 144
5044 131
5418 13
5727 109
6178 127
0 0
291 129
681 95
1058 77
1487 23
1868 18
2181 195
2665 91
3161 54
3523 91
3523 72
3986 110
4354 90
4777 62
5154 149
5633 12
6053 54
6069 173
6579 63
6610 172
0 194
497 178
915 170
1414 9
1812 147
2228 115
2705 148
3253 195
3814 149
4287 194
4216 132
4702 55
5023 108
5382 182
5458 159
5935 191
6387 14
6384 127
6341 115
6330 84
0 59
358 129
725 171
1156 129
1109 187
1667 21
2112 15
2509 38
2866 126
3278 138
3761 57
4098 74
4506 51
4845 93
5268 169
5235 132
5751 162
6189 180
6331 104
6767 130
0 173
448 22
797 170
1304 145
1334 94
1735 18
2134 56
2449 58
2901 134
3418 175
3903 194
4374 33
4678 71
5134 126
5528 49
5988 94
6042 194
5890 139
6323 133
6820 82
0 70
319 89
798 36
1192 18
1587 119
2133 58
2487 153
2882 20
2783 186
3295 89
2914 77
3415 195
3353 67
3723 30
4020 53
4471 35
4516 138
4468 93
4425 85
4877 98
0 65
464 102
980 122
1471 176
1954 132
2389 58
2754 36
3077 23
3526 16
3932 128
4312 60
4204 191
4735 19
5170 56
5633 179
6178 47
6166 12
6577 83
6922 64
7289 185
0 189
425 0
785 150
1280 69
1637 75
1994 1
2376 143
2889 142
3349 48
3798 35
4133 78
4447 52
4734 93
4779 165
5292 149
5765 39
5711 100
5663 97
6029 35
5704 82
0 75
498 76
934 55
1223 1
1579 38
2032 94
2431 82
2853 1
2910 184
3423 171
3992 68
4299 75
4410 94
4469 95
4469 119
4912 57
5209 78
5663 50
5675 66
6054 11
0 8
339 17
762 127
1254 26
1678 24
2098 174
1549 141
2014 184
2597 82
3097 115
3524 118
3980 26
4159 160
4618 88
4606 42
5061 92
5422 15
5855 107
6362 157
6942 60
0 154
409 82
901 180
1478 119
1956 113
2316 53
2632 100
3020 29
3301 130
3802 159
4277 121
4316 125
4713 151
5241 89
5704 80
6205 126
6157 193
6731 127
6682 73
6675 102
0 138
513 80
861 69
1316 34
1772 152
2212 6
2550 21
2987 116
3364 35
3640 31
3974 168
4385 172
4930 130
5414 25
5722 24
6052 75
6441 6
6541 78
7007 6
6813 18
0 61
402 107
907 60
1333 95
1828 48
2219 129
2685 149
3124 178
3208 40
3617 63
3914 49
4356 117
4748 188
5288 181
5790 9
5619 104
5982 9
6030 28
6451 104
6459 10
0 1
373 58
718 140
655 173
1087 144
1574 74
1957 88
2300 89
2721 9
2966 150
3485 99
3564 17
3911 38
4247 19
4228 123
4709 51
5173 122
5676 100
6081 27
6219 72
0 6
242 118
694 137
1234 18
1523 157
2052 97
2143 96
2545 88
3056 165
3511 16
3917 111
4425 116
4814 20
5168 49
5616 147
6156 75
6489 97
6556 139
7024 12
7282 184
0 106
378 33
693 112
1220 81
1668 156
2179 25
2566 131
3032 100
3474 135
3412 94
3856 24
4307 171
4779 89
5175 156
5059 94
5156 139
5579 67
6024 119
6459 60
6771 116
0 39
280 152
677 74
732 100
1201 170
1201 90
1672 167
2102 87
2430 119
2799 194
3258 5
3622 171
4139 122
4568 175
4596 74
4660 77
5128 149
5103 190
5588 158
6076 179
0 98
375 19
817 94
1227 135
1597 63
1914 177
2374 78
2709 5
3028 43
3454 41
3922 19
3969 129
4504 119
4915 171
5346 194
5791 105
6296 126
6841 163
7383 11
7756 64
0 0
386 41
806 57
1116 141
1664 132
2079 137
2544 64
2991 167
3495 49
3921 55
4325 98
4742 182
5164 167
5165 63
5547 84
5506 132
5097 194
5208 182
5136 151
4597 189
0 134
0 130
452 47
812 52
1234 53
1638 65
1974 133
2522 178
3120 33
3400 143
3788 34
4158 41
4608 102
4960 75
5446 174
5529 3
5935 131
6372 173
6785 34
6464 150
0 38
299 115
788 149
1267 86
1608 154
2139 2
2398 98
2434 63
2914 12
3204 173
3787 39
4197 66
4515 63
4081 186
4569 155
5117 91
5608 22
5987 163
6417 9
6798 69
0 161
527 194
961 146
1496 132
2045 59
2507 8
2643 55
3093 58
3401 157
3325 93
3809 160
4373 46
4801 81
5143 93
5124 85
5619 44
6083 104
6027 133
6030 24
6423 190
0 20
304 12
625 64
1115 124
1641 86
2134 25
2578 15
2917 184
3482 168
3884 183
4464 133
4884 58
5281 27
5569 88
5540 115
5924 132
6368 74
6837 152
7229 12
7392 74
0 5
291 64
739 150
1215 16
1515 47
1798 83
2292 125
2705 83
2813 75
3312 42
3705 98
4057 163
4122 102
4485 193
4516 153
5050 98
5396 79
5748 136
6301 72
6785 26
0 1
404 71
897 97
1290 151
1861 156
2321 109
2794 67
2791 169
3216 39
3651 19
3941 117
4438 124
4845 147
5312 26
5612 0
5990 126
6433 130
6847 136
7375 189
7896 14
0 81
483 15
894 140
1446 176
1863 138
2379 98
2857 34
3227 183
3828 166
4348 125
4856 160
5354 93
5833 55
6241 125
6311 49
6771 57
7227 27
7561 121
8107 67
8449 16
0 150
405 118
947 106
1327 23
1477 91
1933 119
2373 163
2830 66
3212 76
3645 173
3531 193
4028 191
4519 161
4925 95
5329 43
5700 115
6069 96
6045 2
6369 31
6746 44
0 123
415 130
785 172
1353 137
1898 176
2494 191
2955 29
3286 89
3777 47
4241 136
4792 148
5207 31
5628 60
5741 83
6079 19
6514 46
6806 90
7316 63
7184 177
7639 50
0 24
288 84
661 57
667 141
1197 91
1607 106
1988 125
2504 139
3053 29
3428 121
3963 109
4433 42
4718 39
5045 14
5366 61
5794 178
6238 79
6722 192
7229 82
7224 57
0 14
432 23
787 28
1189 116
1616 131
2142 160
2580 28
2707 163
2625 78
3046 138
3570 136
3966 72
3917 2
4316 2
4502 162
4907 97
5417 123
5792 36
6254 112
6707 72
0 151
493 83
872 90
1380 154
1932 76
2390 0
2769 122
3147 161
3640 80
4072 160
4037 166
4014 123
4513 179
4960 20
5267 29
5562 9
5910 189
6435 84
6877 110
6501 109
0 153
568 32
958 3
1239 143
1664 2
1974 0
2302 38
2697 9
3046 137
3576 1
3861 19
4266 135
4743 112
4691 77
5154 68
5606 130
6017 100
5982 18
6365 115
6826 128
0 103
410 103
471 107
825 182
1415 26
1786 177
2381 62
2858 44
3147 68
3545 115
3545 120
4071 44
4153 65
4593 98
4585 17
4955 159
5386 92
5734 21
6074 123
6547 154
0 133
523 9
956 166
1113 166
1001 59
1304 49
1602 105
2123 132
2616 170
3107 147
3117 59
3162 25
3567 116
3953 89
3947 147
3965 26
4270 156
4812 133
4799 159
5265 80
0 118
432 129
914 21
1283 117
1665 124
2075 7
2462 161
2463 180
2924 112
3461 112
3542 64
3857 73
4240 23
4509 1
4767 93
5262 150
5758 51
6097 169
6069 7
6162 71
0 153
513 168
1090 45
1430 186
1986 84
2346 170
2833 192
3423 179
3835 3
4103 72
4507 44
4552 29
4974 58
5388 182
5982 171
6487 130
6559 177
6058 22
6051 176
6631 155
0 35
276 131
778 97
1300 53
1622 4
1912 35
1905 0
2172 40
2483 162
2895 36
3168 77
3582 167
4174 123
4550 127
5044 94
5429 125
5956 153
6481 63
6825 173
6998 89
0 129
362 166
768 85
1131 87
1610 84
2110 26
2421 9
2801 185
3221 68
3272 81
3285 175
3804 118
4316 107
4804 93
5210 166
5193 61
5548 98
5993 149
6039 107
5640 159
0 4
243 45
566 135
1047 64
1107 48
1532 78
1949 139
2329 57
2683 9
2644 147
3071 2
3344 193
3796 76
3864 60
4322 71
4323 50
4690 0
4929 185
5418 75
5877 28
0 153
464 47
794 174
1254 63
1663 138
2081 107
2613 135
2984 63
3001 39
3377 182
3817 103
4311 166
4747 39
4827 90
5191 94
5538 114
5085 194
5596 19
5496 97
5979 178
0 115
453 49
829 80
1229 181
1797 42
2247 88
1746 172
2243 15
2494 3
2811 24
3136 102
3510 165
4059 49
4153 181
4680 166
5088 80
5071 15
5178 147
5700 120
5818 30
0 18
298 190
876 106
1385 127
1829 32
2208 126
2641 136
3146 69
3635 6
3970 172
4424 110
4944 45
5329 143
5856 135
6263 57
6746 55
6684 74
6741 95
7169 190
7097 136
0 43
348 74
791 124
1214 131
1741 94
2109 93
2610 118
3014 91
3425 94
3444 174
3980 98
4375 51
4684 103
5162 109
5603 146
6096 93
6201 132
6598 150
7037 150
6917 182
0 89
468 124
1018 28
1322 104
1757 29
2130 32
2458 98
2979 122
3459 72
3502 166
3960 47
4272 83
4757 102
5254 134
5710 47
5694 178
6183 90
6202 12
6450 125
6427 151
0 75
388 29
654 75
601 68
1051 102
1566 155
1973 2
2344 161
2776 157
3317 56
3605 97
4017 35
4463 133
4529 71
4943 114
5485 40
5793 49
6107 112
6636 156
7118 121
0 112
491 84
951 69
1304 175
1881 62
2220 134
2726 109
3233 82
3736 52
3792 79
3816 141
4201 100
4125 182
4674 147
4697 125
5223 46
5517 83
5921 132
6346 110
6303 173
0 169
492 149
1065 80
1524 6
1914 20
2260 45
2546 188
2990 122
3480 119
3902 52
4318 130
4852 174
5429 43
5392 117
5746 119
5642 172
5534 37
5902 133
6321 92
6664 143
0 179
508 5
852 109
1211 102
1728 52
2161 27
2421 195
2851 110
3213 75
3620 189
4119 22
4426 138
4842 163
5279 98
5731 158
6208 126
6614 177
7129 158
6698 22
6741 101
0 188
511 102
871 92
1344 1
1639 187
2129 53
2453 101
2925 78
3304 38
3619 191
4115 79
4530 178
4981 33
4931 189
5475 37
5927 65
6357 119
6440 7
6843 109
7318 23
0 92
501 136
1001 126
1035 137
1477 147
1902 130
2446 65
2881 31
3206 184
3815 18
4188 36
4640 133
4642 114
5042 119
5143 130
5192 12
5607 106
6024 192
6613 92
7032 49
0 137
479 169
1040 150
1488 29
1776 101
2242 41
2565 98
3050 102
3412 193
4004 66
3970 87
4474 188
4914 180
5400 111
5842 74
5908 141
6426 193
6252 65
6553 156
6989 77
0 189
465 10
902 94
1253 194
1680 47
2036 64
2391 36
2767 172
3254 26
3531 22
3802 2
4096 53
4491 190
4976 37
5371 69
5859 138
6388 140
6828 84
7290 98
7782 135
0 44
388 172
859 101
1311 139
1798 185
2342 161
2777 123
3242 194
3708 137
4265 107
4747 160
5315 16
5626 157
6095 128
6495 81
6844 160
6333 34
6682 84
6582 102
6923 162
0 181
540 135
939 177
1395 118
1754 78
2088 173
2639 96
3092 148
3642 116
4169 114
4521 99
4914 90
5380 170
5371 122
5887 59
6314 71
6705 97
7101 50
7417 155
7862 175
0 12
437 148
843 183
1442 145
1868 6
2264 10
2550 143
3058 59
3426 127
3822 47
4189 140
4678 168
5252 74
5582 24
6019 155
6528 25
6457 67
6759 43
7070 56
7547 139
0 66
312 164
709 107
1092 182
1580 22
1926 138
2445 110
2889 169
3332 175
3809 182
3803 188
4387 103
4880 56
5351 48
5729 58
6054 30
6318 73
6717 87
7144 150
7588 35
0 110
497 177
1052 51
1529 36
1845 69
2220 8
2501 42
2912 41
2885 43
3196 57
3587 27
3849 95
4324 91
4775 128
4753 12
5064 183
5663 128
6147 154
6555 92
6918 103
0 59
332 177
840 101
1327 187
1779 143
2334 107
2772 14
3182 133
3214 147
3745 191
4277 73
4583 109
5091 139
5650 34
6061 161
6560 133
6494 146
6931 82
7307 149
7340 169
0 184
593 134
1095 35
996 16
1318 46
1734 152
2234 117
2607 29
3045 93
3420 28
3836 139
4211 178
4632 2
4886 67
5378 86
5755 100
6110 80
6499 178
6071 74
6131 128
0 27
424 150
961 64
1387 107
1775 134
2202 118
2720 192
3222 119
3589 174
4155 164
4257 4
4655 111
5067 32
5511 38
5832 11
6155 70
6474 75
6968 6
7345 102
7340 160
0 187
440 106
842 114
1235 187
1247 70
1591 101
1991 107
2496 155
2954 2
3379 15
3680 150
4219 125
4760 33
5115 104
5509 155
5450 47
5500 187
5489 53
5465 151
5853 22
0 175
581 101
965 139
1481 6
1758 114
2210 181
2786 146
3277 150
3804 25
4117 52
4109 95
4631 72
4529 143
4963 27
5408 28
5729 21
6177 109
6599 13
6916 120
7353 58
0 191
513 148
1056 41
1387 43
1846 113
2358 26
2698 82
2755 96
3267 55
3745 96
3839 30
4164 82
4551 27
4868 101
4939 150
5458 162
6000 106
6454 71
6332 170
6787 14
0 39
344 193
909 120
1278 150
1671 14
2026 15
2371 16
2639 191
3167 149
3591 169
4014 1
4430 147
4876 123
5345 36
5659 86
6130 58
6578 147
6628 62
7082 174
7225 118
0 185
562 45
992 57
1322 140
1841 104
2370 61
2825 18
3203 112
3620 56
4079 153
4027 147
3975 12
4223 106
4619 129
5133 114
5508 28
5894 155
6285 158
6852 167
7297 147
0 56
295 84
805 83
1137 173
1657 168
2126 19
2438 10
2798 147
3287 131
3730 182
4157 73
4489 125
4954 0
5339 134
5326 140
5742 58
6036 100
6450 131
6331 137
6431 138
0 105
412 45
876 155
1433 143
1928 35
2288 172
2778 191
3308 72
3711 90
4181 161
4586 82
5068 44
5091 165
5596 54
5970 176
6492 48
6822 111
7181 185
7604 138
8002 80
0 102
389 24
771 53
1157 181
1724 138
2106 14
2457 24
2471 58
2833 70
3291 61
3615 81
3985 14
3989 39
4405 157
4481 11
4852 94
5266 3
5638 119
6038 105
6127 161
0 31
292 26
667 69
1064 75
1422 156
1886 191
2489 186
2927 144
3474 37
3862 170
4343 191
4230 70
4600 90
5085 146
5645 160
6214 191
6764 110
7236 157
7626 27
8068 107
0 134
437 97
915 76
1407 18
1775 92
2108 0
2345 4
2764 84
3108 180
3708 32
4137 3
4447 87
4956 102
5343 195
5522 93
5973 50
6432 97
6441 15
6322 188
6287 45
0 136
410 110
896 195
1508 146
1930 37
2381 99
2832 64
3210 181
3669 180
4112 135
4195 15
4596 108
4944 120
4859 145
5407 20
5744 120
6171 30
6438 138
6558 124
7003 70
0 32
327 168
782 49
1159 118
1678 83
2126 142
2680 137
3224 178
3651 64
4047 70
4511 118
4490 187
4934 194
5544 146
6020 60
6320 131
6695 18
6688 183
6518 40
6823 61
0 193
596 140
972 166
1470 27
1841 57
2189 48
2616 72
2971 47
3334 51
3372 15
3728 97
4173 153
4560 26
4853 140
4465 39
4909 78
5381 126
5868 77
6329 12
6681 136
0 109
449 5
746 100
1203 55
1493 82
2000 140
2385 169
2419 97
2929 36
3232 151
3764 128
3795 109
3732 3
3901 169
3351 2
3704 108
3709 47
3754 62
3694 160
4089 115
0 54
362 67
819 186
1288 17
1704 90
2050 115
2561 121
3075 7
3490 76
3419 95
3913 80
4282 159
4350 133
4902 131
5281 38
5637 155
6187 36
6561 70
7008 182
7123 96
0 49
318 117
757 44
1057 91
1545 56
1846 156
2412 102
2798 157
3291 32
3600 83
4022 85
4468 88
4875 3
5117 190
5614 83
5717 35
5636 4
5915 141
6438 159
6889 146
0 151
558 32
892 48
1349 190
1861 11
2169 191
2694 20
2666 13
2928 32
3061 59
3524 163
3536 100
3876 113
4240 190
4141 89
4045 106
4415 194
4971 155
4952 6
5225 63
0 174
601 67
1084 165
1645 126
2145 63
2466 13
2768 96
3171 2
3506 136
3977 30
4383 54
4782 81
5099 169
5586 160
6169 93
6089 7
6489 110
6487 103
6925 51
7228 88
0 30
350 123
773 24
1218 69
1521 134
2015 47
2440 1
2846 126
3221 11
3486 109
3879 99
4256 47
4413 27
4681 51
4783 74
5135 94
5506 52
5533 98
6053 25
6431 33
0 166
554 86
1026 72
1514 158
2049 85
2459 24
2766 125
3189 73
3526 148
3599 194
4217 117
4636 192
4466 167
4899 66
5286 161
5732 55
6117 121
6586 71
6916 186
7498 120
0 150
484 42
896 195
1494 163
2083 166
2572 13
2936 122
3405 102
3308 159
3845 115
3778 15
4106 166
4020 71
4469 173
4885 47
5260 180
5292 139
5821 82
6245 33
6608 173
0 16
395 128
802 0
1143 93
1648 113
2148 40
2571 151
2560 107
3053 119
3449 26
3829 143
4205 118
4577 119
4519 17
4964 151
5481 45
5514 83
6023 131
6497 171
6944 180
0 149
545 70
1035 92
1468 60
1888 37
2294 108
2792 177
3282 23
3595 127
4114 16
4381 114
4846 169
5301 154
5348 109
4839 91
5289 119
5215 178
5641 146
6069 176
6561 167
0 182
439 140
924 27
1290 70
1678 170
2097 13
2366 184
2966 156
3431 30
3784 40
4146 36
4083 171
4506 17
4510 149
5008 74
5316 159
5884 194
6432 125
6935 84
7320 47
0 165
449 160
983 14
1240 194
1786 103
2214 82
2554 142
2453 118
2951 193
3563 90
4062 106
4531 141
4907 152
5316 53
5663 32
6026 114
6486 192
6975 83
6867 93
6843 172
0 75
397 119
913 149
1435 90
1481 166
1929 127
2378 116
2776 144
3172 101
3689 70
4055 167
4548 176
5068 102
5590 192
6031 27
6339 69
6692 37
7015 137
7498 145
8045 159
0 38
390 150
956 152
1404 0
1657 96
2065 105
2469 149
2864 184
2731 115
3081 28
3463 74
3864 97
4210 171
4771 162
5319 190
5751 103
6259 142
6639 93
7052 174
7616 165
0 14
373 154
836 39
1294 166
1775 140
2233 31
2509 0
2845 89
3236 9
3670 96
4009 24
4396 4
4799 153
5279 52
5709 18
6017 164
6428 74
6798 12
7207 19
7527 139
0 17
374 9
791 171
1269 175
1830 48
2280 145
2672 23
2932 82
3308 52
3722 45
4134 64
4547 28
4958 61
5273 25
5650 130
5604 26
5486 69
5877 169
6436 161
7021 85
0 120
469 101
978 155
1451 83
1925 2
2192 170
2604 136
3013 161
3005 66
3384 59
3257 96
3598 95
3965 168
4469 108
4944 96
5030 103
5094 148
5612 78
6027 77
6054 93
0 121
379 36
717 130
1098 43
1499 58
1865 171
2447 53
2889 162
3372 87
3852 58
3948 62
4427 95
4754 185
4614 122
4701 159
5095 39
5460 121
5532 195
6067 46
6372 107
0 120
479 128
882 161
1282 180
1790 14
2176 179
2731 65
2617 39
2946 22
3393 186
3473 158
3889 189
4492 75
4378 27
4715 120
4714 116
5158 45
5045 16
5331 21
5641 160
0 48
376 19
649 24
1082 106
1558 156
2029 38
2405 78
2405 148
2955 158
3468 123
2926 140
3409 6
3814 161
4280 193
4900 43
5350 154
5802 18
6174 113
6622 106
6529 73
0 14
437 138
918 0
1225 103
1600 143
2155 140
2689 102
3139 38
3582 7
3994 144
4430 128
4943 71
5388 187
5568 6
5983 25
6267 103
5753 149
6216 173
6074 14
6258 162
0 82
486 98
868 75
1360 179
1866 187
1874 181
2311 29
2701 69
2588 0
2878 154
3404 188
3959 172
4396 64
4770 12
5041 105
5381 109
5911 174
6437 9
6822 49
7239 25
0 66
327 56
327 92
662 158
1162 24
1431 117
1955 71
2363 20
2770 4
3006 195
3178 94
3624 17
3446 39
3355 33
3760 157
4330 88
4379 120
4744 60
5161 99
5524 30
0 144
494 26
886 189
1440 139
1975 140
2347 134
1842 111
2336 189
2245 75
2661 89
3040 68
3482 153
3897 112
4363 54
4787 44
5087 4
5484 151
5486 18
5756 92
6091 66
0 129
395 165
842 30
1156 105
1596 119
1985 114
2487 52
2464 47
2877 139
3369 26
3658 65
3960 15
3947 42
4347 41
4660 151
5119 104
5563 74
5922 91
6374 77
6806 122
0 97
420 8
823 190
1279 118
1787 24
2174 60
2537 104
2935 42
3376 101
3894 183
4382 66
4756 30
5049 180
5480 29
5837 14
5781 143
5819 21
6094 115
6475 3
6298 119
0 16
361 115
754 99
1153 174
1711 83
2063 20
2318 105
2679 111
3084 71
3515 79
3909 35
4292 180
4710 134
5220 114
5706 29
6135 101
6519 158
6917 177
6960 120
7394 157
0 76
442 27
862 56
1338 91
1728 110
2226 73
2613 90
3025 38
3303 73
3339 14
3684 94
4095 156
4053 75
4486 164
4959 13
5326 178
5867 49
6316 169
6880 135
7411 10
0 97
460 174
1058 94
1440 123
1976 101
2338 96
2825 188
3249 56
2948 126
3449 128
3952 101
3863 189
4391 182
4880 22
5201 14
5601 76
6070 121
6000 11
6274 190
6801 165
0 171
485 17
921 113
1344 2
1688 124
2128 107
2599 15
3004 71
3353 62
3654 126
4050 25
4058 110
4140 74
4546 140
5054 104
5395 187
5359 139
5860 36
5848 99
6299 5
0 140
